bb 10002 123456
02001 000000 Ѕхћрћр Ќш¬з2∞а 80 100 100
02002 123456 Ќхи≤ Ќш¬з2∞а 100 70 100
02003 123456 Ѕх±т±т Ќш¬з2∞а 89 80 89
02004 123456 ќв“шЇм Ќш¬з2∞а 89 80 89
02005 123456 –м≥њкЎ Ќш¬з2∞а 89 79 89
02006 123456 ≤ћж√ Ќш¬з2∞а 79 70 83
02007 123456 ÷£єг»ў Ќш¬з2∞а 97 57 45
02008 123456 ÷№Ён Ќш¬з2∞а 78 65 66
02009 123456 ≥¬–°—ё Ќш¬з2∞а 79 87 70
02010 123456 ґ°–ј»з Ќш¬з2∞а 79 57 60
02011 123456 –їЄ®»  Ќш¬з2∞а 79 79 89
02012 123456 ’≈Љќ Ќш¬з2∞а 78 78 65
02013 123456 јоц©ж√ Ќш¬з2∞а 78 77 70
02014 123456 Ћќ”сЇм Ќш¬з2∞а 78 48 58
02015 123456 √Ђ≥њѕЉ Ќш¬з2∞а 79 49 80
02016 123456 ”а…ўЇз Ќш¬з2∞а 78 78 58
02017 123456 ”а…ўї™ Ќш¬з2∞а 100 60 60
02018 123456 ÷№”® Ќш¬з2∞а 89 89 68
02019 123456 ¬ђјЉЈп Ќш¬з2∞а 89 48 78
02020 123456 ЌтћЏЅъ Ќш¬з2∞а 89 69 88
02021 123456 ’≈≤© Ќш¬з2∞а 89 67 76
02022 123456 Ѕ÷ЅҐ Ќш¬з2∞а 78 98 64
02023 123456 Їќ”р“¬ Ќш¬з2∞а 73 78 78
02024 123456 ÷мЇм—ё Ќш¬з2∞а 78 67 89
02025 123456 јо‘ чи Ќш¬з2∞а 78 89 69
02026 123456 ј„ж¬ Ќш¬з2∞а 89 76 88
02027 123456 ’‘±щ Ќш¬з2∞а 78 67 58
02028 123456 –н≥ђјц Ќш¬з2∞а 98 68 89
02029 123456 ЇќЅш«а Ќш¬з2∞а 89 68 78
02030 123456 ї∆Їиљ≠ Ќш¬з2∞а 89 89 89
02031 123456 Ћпж√ Ќш¬з2∞а 68 57 57
