  
01003 123456 蝦洗槌 利大1萎 89 89 89
01001 123456 背翆翆 利大1萎 10 100 100
01002 123456 孵磐磐 利大1萎 100 10 10
01004 123456 終釐 利大1萎 89 89 79
01005 123456 虜爺麓 利大1萎 89 89 89
01006 123456 藍郊埴 利大1萎 79 73 89
01007 123456 甑募斯 利大1萎 97 67 45
01008 123456 瀧今剰 利大1萎 78 65 76
01009 123456 柾咲表 利大1萎 79 63 70
01010 123456 鮭気気 利大1萎 79 89 60
01011 123456 吊浬袒 利大1萎 72 89 89
01012 123456 鮭慕肺 利大1萎 78 75 45
01013 123456 絶床 利大1萎 78 67 94
01014 123456 川州 利大1萎 78 34 68
01015 123456 袈崗釈 利大1萎 79 45 80
01016 123456 販剰剰 利大1萎 78 76 78
01017 123456 採垈 利大1萎 100 15 100
01018 123456 芦誹剰 利大1萎 89 89 48
01019 123456 明樗峯 利大1萎 89 83 78
01020 123456 雰剰 利大1萎 89 59 88
01021 123456 藍凩碕 利大1萎 89 67 56
01022 123456 勁崗鶏 利大1萎 78 88 67
01023 123456 伶派繋 利大1萎 78 38 78
01024 123456 蛎朝 利大1萎 78 57 29
01025 123456 嫖范 利大1萎 38 89 89
01026 123456 谷敢鯖 利大1萎 89 46 58
01027 123456 藍洗羣 利大1萎 78 67 56
01028 123456 奚乏 利大1萎 98 68 59
01029 123456 衞囁徳 利大1萎 89 68 78
