01003 123456 蝦洗槌 利大1萎 89 89 89
01001 123456 背翆翆 利大1萎 100 100 100
01002 123456 孵磐磐 利大1萎 100 10 10
01004 123456 終釐 利大1萎 89 89 79
01005 123456 虜爺麓 利大1萎 89 89 89
01006 123456 藍郊埴 利大1萎 79 73 89
01007 123456 甑募斯 利大1萎 97 67 45
01008 123456 瀧今剰 利大1萎 78 65 76
01009 123456 柾咲表 利大1萎 79 63 70
01010 123456 鮭気気 利大1萎 79 89 60
01011 123456 吊浬袒 利大1萎 72 89 89
01012 123456 鮭慕肺 利大1萎 78 75 45
01013 123456 絶床 利大1萎 78 67 94
01014 123456 川州 利大1萎 78 34 68
01015 123456 袈崗釈 利大1萎 79 45 80
01016 123456 販剰剰 利大1萎 78 76 78
01017 123456 採垈 利大1萎 100 15 100
01018 123456 芦誹剰 利大1萎 89 89 48
01019 123456 明樗峯 利大1萎 89 83 78
01020 123456 雰剰 利大1萎 89 59 88
01021 123456 藍凩碕 利大1萎 89 67 56
01022 123456 勁崗鶏 利大1萎 78 88 67
01023 123456 伶派繋 利大1萎 78 38 78
01024 123456 蛎朝 利大1萎 78 57 29
01025 123456 嫖范 利大1萎 38 89 89
01026 123456 谷敢鯖 利大1萎 89 46 58
01027 123456 藍洗羣 利大1萎 78 67 56
01028 123456 奚乏 利大1萎 98 68 59
01029 123456 衞囁徳 利大1萎 89 68 78
02001 000000 装矢矢 利大2萎 80 100 100
02002 123456 藍莢 利大2萎 100 70 100
02003 123456 装薗薗 利大2萎 89 80 89
02004 123456 伶咢碕 利大2萎 89 80 89
02005 123456 俾蛙袒 利大2萎 89 79 89
02006 123456 果翆 利大2萎 79 70 83
02007 123456 孱鴻蕃 利大2萎 97 57 45
02008 123456 巓沚 利大2萎 78 65 66
02009 123456 蛎弌凩 利大2萎 79 87 70
02010 123456 供仞泌 利大2萎 79 57 60
02011 123456 仍絹畔 利大2萎 79 79 89
02012 123456 嫖捨 利大2萎 78 78 65
02013 123456 川翆 利大2萎 78 77 70
02014 123456 卜囁碕 利大2萎 78 48 58
02015 123456 谷蛙麓 利大2萎 79 49 80
02016 123456 噫富榊 利大2萎 78 78 58
02017 123456 噫富鯖 利大2萎 100 60 60
02018 123456 巓哦 利大2萎 89 89 68
02019 123456 測声件 利大2萎 89 48 78
02020 123456 嵐木霜 利大2萎 89 69 88
02021 123456 嫖鴬 利大2萎 89 67 76
02022 123456 爽羨 利大2萎 78 98 64
02023 123456 採嚼丗 利大2萎 73 78 78
02024 123456 幀碕凩 利大2萎 78 67 89
02025 123456 川塋 利大2萎 78 89 69
02026 123456 跡翅 利大2萎 89 76 88
02027 123456 孕甥 利大2萎 78 67 58
02028 123456 俯階洗 利大2萎 98 68 89
02029 123456 採遭楳 利大2萎 89 68 78
02030 123456 仔肴臭 利大2萎 89 89 89
02031 123456 柾翆 利大2萎 68 57 57
01003 123456 蝦洗槌 利大1萎 89 89 89
01001 123456 背翆翆 利大1萎 100 100 100
01002 123456 孵磐磐 利大1萎 100 10 10
01004 123456 終釐 利大1萎 89 89 79
01005 123456 虜爺麓 利大1萎 89 89 89
01006 123456 藍郊埴 利大1萎 79 73 89
01007 123456 甑募斯 利大1萎 97 67 45
01008 123456 瀧今剰 利大1萎 78 65 76
01009 123456 柾咲表 利大1萎 79 63 70
01010 123456 鮭気気 利大1萎 79 89 60
01011 123456 吊浬袒 利大1萎 72 89 89
01012 123456 鮭慕肺 利大1萎 78 75 45
01013 123456 絶床 利大1萎 78 67 94
01014 123456 川州 利大1萎 78 34 68
01015 123456 袈崗釈 利大1萎 79 45 80
01016 123456 販剰剰 利大1萎 78 76 78
01017 123456 採垈 利大1萎 100 15 100
01018 123456 芦誹剰 利大1萎 89 89 48
01019 123456 明樗峯 利大1萎 89 83 78
01020 123456 雰剰 利大1萎 89 59 88
01021 123456 藍凩碕 利大1萎 89 67 56
01022 123456 勁崗鶏 利大1萎 78 88 67
01023 123456 伶派繋 利大1萎 78 38 78
01024 123456 蛎朝 利大1萎 78 57 29
01025 123456 嫖范 利大1萎 38 89 89
01026 123456 谷敢鯖 利大1萎 89 46 58
01027 123456 藍洗羣 利大1萎 78 67 56
01028 123456 奚乏 利大1萎 98 68 59
01029 123456 衞囁徳 利大1萎 89 68 78
02001 000000 装矢矢 利大2萎 80 100 100
02002 123456 藍莢 利大2萎 100 70 100
02003 123456 装薗薗 利大2萎 89 80 89
02004 123456 伶咢碕 利大2萎 89 80 89
02005 123456 俾蛙袒 利大2萎 89 79 89
02006 123456 果翆 利大2萎 79 70 83
02007 123456 孱鴻蕃 利大2萎 97 57 45
02008 123456 巓沚 利大2萎 78 65 66
02009 123456 蛎弌凩 利大2萎 79 87 70
02010 123456 供仞泌 利大2萎 79 57 60
02011 123456 仍絹畔 利大2萎 79 79 89
02012 123456 嫖捨 利大2萎 78 78 65
02013 123456 川翆 利大2萎 78 77 70
02014 123456 卜囁碕 利大2萎 78 48 58
02015 123456 谷蛙麓 利大2萎 79 49 80
02016 123456 噫富榊 利大2萎 78 78 58
02017 123456 噫富鯖 利大2萎 100 60 60
02018 123456 巓哦 利大2萎 89 89 68
02019 123456 測声件 利大2萎 89 48 78
02020 123456 嵐木霜 利大2萎 89 69 88
02021 123456 嫖鴬 利大2萎 89 67 76
02022 123456 爽羨 利大2萎 78 98 64
02023 123456 採嚼丗 利大2萎 73 78 78
02024 123456 幀碕凩 利大2萎 78 67 89
02025 123456 川塋 利大2萎 78 89 69
02026 123456 跡翅 利大2萎 89 76 88
02027 123456 孕甥 利大2萎 78 67 58
02028 123456 俯階洗 利大2萎 98 68 89
02029 123456 採遭楳 利大2萎 89 68 78
02030 123456 仔肴臭 利大2萎 89 89 89
02031 123456 柾翆 利大2萎 68 57 57
